Iter Gbest GbestRate[%] IterBestFit normSwarmRadius |gbest-mean(pbest)|/mean(pbest)[%] 
1   6.0000000E-02  100.000   6.0000000E-02   3.9374911E-01   10.000  
2   4.0000000E-02   33.333   4.0000000E-02   2.7696182E-01   29.412  
3   4.0000000E-02    0.000   5.0000000E-02   3.0968700E-01   25.000  
4   4.0000000E-02    0.000   4.0000000E-02   2.9966766E-01   17.241  
5   4.0000000E-02    0.000   4.0000000E-02   2.8937390E-01   17.241  
6   4.0000000E-02    0.000   4.0000000E-02   2.7115002E-01   17.241  
7   4.0000000E-02    0.000   4.0000000E-02   1.8865241E-01   14.286  
8   4.0000000E-02    0.000   4.0000000E-02   1.6335386E-01    7.692  
9   4.0000000E-02    0.000   5.0000000E-02   1.6105548E-01    7.692  
10   4.0000000E-02    0.000   5.0000000E-02   1.9165716E-01    7.692  
11   4.0000000E-02    0.000   5.0000000E-02   2.0341009E-01    7.692  
12   4.0000000E-02    0.000   5.0000000E-02   1.9198791E-01    7.692  
13   4.0000000E-02    0.000   6.0000000E-02   2.0602902E-01    7.692  
14   4.0000000E-02    0.000   4.0000000E-02   2.0951923E-01    7.692  
15   4.0000000E-02    0.000   4.0000000E-02   2.0622661E-01    7.692  
16   4.0000000E-02    0.000   4.0000000E-02   1.9847348E-01    0.000  
17   4.0000000E-02    0.000   4.0000000E-02   1.4850937E-01    0.000  
18   4.0000000E-02    0.000   5.0000000E-02   1.0180924E-01    0.000  
19   4.0000000E-02    0.000   4.0000000E-02   6.8923690E-02    0.000  
20   4.0000000E-02    0.000   5.0000000E-02   6.6529488E-02    0.000  
