Iter Part GoF N Alpha ThetaSat ThetaSat_bottomlayer ThetaRes LateralHydrConductivity NormalHydrConductivity LateralHydrConductivity_bottomlayer NormalHydrConductivity_bottomlayer SoilInitPresL0001 SoilInitPresL0002 SoilInitPresL0003 SoilInitPresL0004 SoilInitPresL0005 SoilInitPresL0006 SoilInitPresL0007 SoilInitPresL0008 SoilInitPresL0009 PsiGamma 
1  1   8.6666667E-02   1.7267432E+00   4.6770008E-03   4.2878643E-01   1.0203775E-01   6.0037622E-02   9.3004191E-02   9.6427884E-02   5.6958721E-03   1.1719795E-03  -7.4447450E+03  -7.9617719E+03  -4.8021070E+03  -7.4489389E+02  -2.8484969E+03  -1.3270221E+03  -5.9095557E+03  -6.4066266E+02  -3.3157693E+03   5.4502093E-01  
1  2   6.3333333E-02   1.5057686E+00   3.5653511E-03   4.9787140E-01   1.1531463E-01   5.8422259E-02   9.3691954E-02   9.6980263E-02   8.4851472E-03   5.7994085E-03  -3.0282047E+03  -8.7718793E+03  -3.7686981E+03  -8.3793550E+03  -9.5571771E+03  -6.6920166E+03  -5.6786055E+03  -7.4708903E+03  -9.2145746E+02   6.7390271E-01  
1  3   8.0000000E-02   1.5945762E+00   1.1204018E-02   5.1045646E-01   1.0219699E-01   5.4282337E-02   9.7011418E-02   9.5149739E-02   5.4407705E-03   9.3570437E-03  -2.7826704E+03  -4.5172423E+02  -3.8151575E+03  -1.5133306E+03  -5.4123042E+03  -1.6489573E+03  -2.0736129E+03  -4.7254806E+03  -7.1416111E+03   6.7215243E-01  
2  1   8.0000000E-02   1.8900000E+00   1.3100000E-03   5.3000000E-01   1.0000000E-01   5.0000000E-02   9.2300000E-02   9.2300000E-02   9.2300000E-04   1.0000000E-02  -3.2750932E+03   0.0000000E+00  -1.3029282E+03  -3.2093721E+03  -4.2474231E+03  -2.4418741E+03  -4.7566110E+03  -8.5852858E+03  -2.1059011E+03   5.0000000E-01  
2  2   8.0000000E-02   1.5316695E+00   6.7231519E-03   4.4805414E-01   1.0789414E-01   5.2988906E-02   9.6961211E-02   9.6307870E-02   5.6999070E-03   5.8967656E-03  -1.7701762E+03  -8.3246185E+03  -1.6191989E+03  -5.0422094E+03  -4.9444112E+03  -4.3497335E+03  -7.7690944E+03  -8.9194394E+03  -4.0709067E+03   6.7185774E-01  
2  3   1.1000000E-01   1.8900000E+00   1.3100000E-02   5.3000000E-01   1.2000000E-01   5.0000000E-02   1.0000000E-01   1.0000000E-01   1.0000000E-02   1.0000000E-02  -3.8967115E+03  -4.9255733E+03  -4.1693855E+03  -9.0001989E+03  -9.7141867E+03  -6.0331002E+03  -5.0768171E+03  -3.7294989E+03  -4.6597390E+03   1.0000000E+00  
3  1   7.3333333E-02   1.4500000E+00   1.3100000E-02   4.1000000E-01   1.2000000E-01   5.0000000E-02   9.2300000E-02   1.0000000E-01   9.2300000E-04   9.2300000E-04   0.0000000E+00  -3.1031471E+03   0.0000000E+00  -4.6289183E+03  -4.9963410E+03  -3.3162300E+03  -3.0682493E+03  -1.0000000E+04  -2.0668572E+03   5.0000000E-01  
3  2   1.2000000E-01   1.8900000E+00   1.3100000E-02   4.1000000E-01   1.2000000E-01   5.0000000E-02   1.0000000E-01   9.2300000E-02   1.0000000E-02   1.0000000E-02  -8.9735895E+02  -8.6157467E+03  -1.0466715E+03  -3.8051716E+03  -4.9643474E+03  -3.1602892E+03  -9.4375485E+03  -9.2495443E+03  -7.1695286E+03   5.0000000E-01  
3  3   5.3333333E-02   1.4500000E+00   1.3100000E-03   5.3000000E-01   1.2000000E-01   5.0000000E-02   1.0000000E-01   1.0000000E-01   9.2300000E-04   9.2300000E-04  -4.3707941E+03  -8.7231917E+03  -4.0147630E+03  -1.0000000E+04  -1.0000000E+04  -7.1503533E+03  -6.6326987E+03  -4.1437582E+03  -3.7402398E+03   1.0000000E+00  
4  1   1.2000000E-01   1.8900000E+00   1.3100000E-02   4.1000000E-01   1.0000000E-01   5.0000000E-02   9.2300000E-02   9.2300000E-02   1.0000000E-02   1.0000000E-02  -1.2631143E+03  -6.2958266E+03  -1.5901603E+03  -7.7832015E+03  -6.4431269E+03  -4.0960742E+03  -2.3033296E+03  -6.8738744E+03  -2.1169604E+03   5.0000000E-01  
4  2   7.0000000E-02   1.4500000E+00   1.3100000E-02   4.1000000E-01   1.2000000E-01   7.0000000E-02   1.0000000E-01   9.2300000E-02   1.0000000E-02   9.2300000E-04  -1.6970000E+03  -8.6507463E+03  -1.6026556E+03  -6.2012912E+03  -6.3465976E+03  -3.0191869E+03  -9.7256735E+03  -7.5504400E+03  -5.8744496E+03   1.0000000E+00  
4  3   5.3333333E-02   1.4500000E+00   1.3100000E-03   4.8671915E-01   1.1278652E-01   5.7213475E-02   9.7222812E-02   9.7222812E-02   9.2300000E-04   9.2300000E-04  -4.7127723E+03  -1.0000000E+04  -3.9032264E+03  -9.0886373E+03  -9.0367314E+03  -7.9562811E+03  -7.7550301E+03  -4.4425832E+03  -3.0769614E+03   8.1966312E-01  
5  1   6.0000000E-02   1.4500000E+00   1.3100000E-03   4.1000000E-01   1.2000000E-01   7.0000000E-02   1.0000000E-01   9.2300000E-02   1.0000000E-02   9.2300000E-04  -2.0375636E+03  -9.1327177E+03  -2.7164300E+03  -1.0000000E+04  -8.0104658E+03  -5.0460531E+03  -3.2223371E+03  -4.5781557E+03  -2.3442171E+03   1.0000000E+00  
5  2   7.3333333E-02   1.8900000E+00   1.3100000E-03   5.3000000E-01   1.0000000E-01   7.0000000E-02   1.0000000E-01   9.2300000E-02   1.0000000E-02   1.0000000E-02  -3.1089591E+03  -8.7612877E+03  -2.3661613E+03  -9.4135537E+03  -8.1729678E+03  -5.9086751E+03  -8.0724021E+03  -6.1101460E+03  -3.9968513E+03   1.0000000E+00  
5  3   7.6666667E-02   1.4500000E+00   1.3100000E-02   4.1000000E-01   1.0000000E-01   7.0000000E-02   1.0000000E-01   9.2300000E-02   1.0000000E-02   1.0000000E-02  -4.8419846E+03  -8.6745016E+03  -3.7590396E+03  -8.5101159E+03  -8.8087596E+03  -8.3296181E+03  -7.9122711E+03  -4.5172193E+03  -2.9830729E+03   1.0000000E+00  
