Iter Part GoF N Alpha ThetaSat ThetaRes LateralHydrConductivity NormalHydrConductivity 
1  1   5.5000000E-01  -1.8646063E+00  -4.0388879E-03   5.6556690E-02   9.9080036E-02   6.1122544E-02  -1.7073454E-02  
1  2   5.5000000E-01   1.3511285E+00   1.7258823E-04   6.0863609E-02   1.0644026E-01  -1.3269045E-03   2.5132806E-02  
1  3   5.5000000E-01   1.2872176E+00  -2.0517135E-04  -5.6202997E-02  -4.3052189E-02  -4.8224551E-02  -5.6571870E-02  
1  4   5.5000000E-01  -7.6536583E-01   1.9502088E-03   6.9731066E-02   2.2928451E-02  -1.8846218E-02   1.0678632E-02  
1  5   5.5000000E-01  -1.0708471E-01   3.6985991E-03   1.2863017E-01   2.0812396E-04  -2.9118384E-02   8.0004652E-02  
1  6   5.5000000E-01  -2.5602937E+00   2.8173282E-03   6.6870483E-02  -6.1110709E-02  -3.7519434E-02   6.4999496E-02  
1  7   5.5000000E-01   7.8233520E-01   1.7135814E-03  -8.5581793E-02  -5.4941536E-02  -3.8004003E-02   1.0260990E-02  
1  8   5.5000000E-01  -1.4907260E+00  -5.9711348E-04   1.4739657E-01   6.9557724E-02  -1.5529650E-02   2.8968675E-02  
1  9   5.5000000E-01  -2.0463473E+00   1.5720642E-03  -1.0247279E-01  -1.0825860E-01  -1.0737155E-02   4.3236084E-02  
1  10   5.5000000E-01   1.0697891E+00  -1.1205275E-03  -3.0753338E-02   1.0655745E-02   2.1833692E-02  -2.9152237E-02  
2  1   5.5000000E-01  -1.3450291E+00  -2.9134418E-03   4.0797028E-02   7.1471138E-02   4.4090596E-02  -1.2315893E-02  
2  2   5.5000000E-01   9.7463318E-01   1.2449609E-04   4.3903814E-02   7.6780421E-02  -9.5715928E-04   1.8129487E-02  
2  3   5.5000000E-01   1.0413329E+00  -2.8000000E-03  -8.9464307E-02   6.6666667E-02  -8.0949039E-03  -2.9065951E-02  
2  4   5.5000000E-01  -5.5209475E-01   1.4067783E-03   5.0300332E-02   1.6539381E-02  -1.3594673E-02   7.7030045E-03  
2  5   5.5000000E-01  -7.7245288E-02   2.6679753E-03   9.2787051E-02   1.5012970E-04  -2.1004474E-02   5.7711158E-02  
2  6   5.5000000E-01  -2.5258118E+00   2.8000000E-03   6.4136728E-02  -4.7500662E-02   1.1601002E-02  -4.7188295E-02  
2  7   5.5000000E-01   6.3338525E-01   2.8000000E-03  -4.4344839E-02  -1.1032941E-02  -2.9286358E-02  -5.7853307E-04  
2  8   5.5000000E-01  -1.0753315E+00  -4.3072633E-04   1.0632415E-01   5.0175292E-02  -1.1202274E-02   2.0896482E-02  
2  9   5.5000000E-01  -1.7110554E+00   2.8000000E-03   8.1674168E-02  -8.9674050E-02   5.0000000E-02  -5.0000000E-02  
2  10   5.5000000E-01   7.7796302E-01   2.8000000E-03  -3.5424479E-02   4.4049168E-03   2.1716994E-02  -2.2666801E-02  
3  1   5.5000000E-01  -4.3673684E-01   2.8000000E-03  -6.0723602E-02  -6.6666667E-02  -5.0000000E-02  -5.0000000E-02  
3  2   5.5000000E-01   6.8974719E-01   1.6796598E-03   1.1891792E-02   1.4919305E-02  -1.6528880E-03   6.3733603E-04  
3  3   5.5000000E-01   3.5951755E-01  -2.8000000E-03   2.5052708E-03   4.6098024E-02  -3.4610067E-02  -3.4876628E-02  
3  4   5.5000000E-01  -2.2775032E-01  -3.2035998E-03  -3.3124601E-02  -2.8288135E-02   1.2562876E-02   3.0784340E-02  
3  5   5.5000000E-01  -2.0905794E-02  -2.8000000E-03   7.5741888E-02   3.7789040E-03  -7.2034540E-03   2.7158641E-02  
3  6   5.5000000E-01   5.5829616E-01   5.6000000E-03   1.0000000E-01   2.6437083E-02   5.0000000E-02  -1.0000000E-01  
3  7   5.5000000E-01   5.2374994E-01   5.6000000E-03  -4.6125222E-02  -1.9307966E-02   1.0592856E-02  -2.1229934E-03  
3  8   5.5000000E-01  -5.2961125E-01   2.1590515E-03   4.1047097E-02   2.5423749E-02  -3.4038179E-03   3.5239674E-03  
3  9   5.5000000E-01   6.0632912E-01   2.8000000E-03   8.1492648E-02   1.7268503E-02   6.7999226E-02  -7.5527378E-02  
3  10   5.5000000E-01   2.3456716E-01   2.8000000E-03  -3.0094718E-03  -4.6677779E-02  -5.0000000E-02  -1.0280460E-02  
4  1   5.5000000E-01  -1.5640401E-01   3.2013723E-03   2.8744594E-02  -6.6299832E-02  -6.3923038E-02  -4.1877930E-02  
4  2   5.5000000E-01   1.8225748E-01   5.6000000E-03   9.7992628E-02  -2.8306150E-02   2.7198874E-02   5.0000000E-02  
4  3   5.5000000E-01  -1.5761743E-02  -2.8000000E-03   6.4550938E-02   3.5682553E-02  -5.0000000E-02  -5.0000000E-02  
4  4   5.5000000E-01   2.5192004E-01  -2.8000000E-03  -2.5584038E-02  -3.3645616E-02   1.0000000E-01  -3.0052907E-02  
4  5   5.5000000E-01   2.2213693E-02  -5.6000000E-03   6.6700976E-03  -1.7475176E-04   5.2202289E-03  -1.5796892E-02  
4  6   5.5000000E-01   1.0097313E+00  -1.6996096E-03   1.1978531E-01   3.3584701E-03   5.3088930E-02   1.2331294E-02  
4  7   5.5000000E-01   3.4382134E-01  -2.8000000E-03  -4.8508656E-02   2.5970354E-02   1.0049846E-03   2.5677079E-02  
4  8   5.5000000E-01   1.9254491E-01  -2.8000000E-03  -1.6965997E-01  -3.7863021E-02  -5.0000000E-02   5.0000000E-02  
4  9   5.5000000E-01   6.8684271E-01   2.8000000E-03  -9.1874738E-02   1.2393797E-01   9.5920766E-03   3.4642733E-03  
4  10   5.5000000E-01  -2.0175653E-01   2.8000000E-03  -1.0000000E-01   4.2010237E-02  -5.0000000E-02  -1.1480669E-02  
5  1   5.5000000E-01   9.5008088E-01  -2.8000000E-03   2.0000000E-01   6.6666667E-02  -5.0000000E-02  -3.2162192E-02  
5  2   5.5000000E-01  -8.3006250E-01  -2.8000000E-03   2.0000000E-01   6.6666667E-02   5.0000000E-02   5.0000000E-02  
5  3   5.5000000E-01  -5.1268137E-01  -2.8000000E-03   5.3528849E-02  -4.1501120E-02  -8.5466265E-02  -1.0000000E-01  
5  4   5.5000000E-01   2.0330945E-01  -1.0923196E-03  -2.7490500E-02  -2.1792093E-02  -2.7294647E-02  -1.2084102E-02  
5  5   5.5000000E-01   5.5621878E-02   2.8000000E-03  -1.2651381E-01   6.4875392E-03  -2.8651822E-02  -2.3126559E-02  
5  6   5.5000000E-01   1.3550902E+00  -2.8000000E-03  -4.8930690E-02  -2.2580566E-02  -2.8880949E-02   1.2951939E-02  
5  7   5.5000000E-01   2.1052148E-01  -5.6000000E-03  -1.1163198E-02  -1.1165276E-02   1.9272957E-02   1.6935816E-02  
5  8   5.5000000E-01   1.0728422E+00  -5.6000000E-03   1.5717972E-02  -2.8526660E-02  -4.5931750E-03   3.4021753E-02  
5  9   5.5000000E-01   4.9123263E-01   2.8000000E-03  -1.0579674E-01  -2.1380371E-02   1.5057967E-02   1.4596165E-02  
5  10   5.5000000E-01  -3.9625750E-01   2.8000000E-03  -1.4448425E-01  -3.7916992E-02  -6.9119019E-02  -4.0540908E-03  
6  1   5.5000000E-01   6.8378488E-01  -3.2078540E-03  -6.9359969E-02   4.9554256E-02  -4.3259390E-02  -3.3375128E-02  
6  2   5.5000000E-01  -8.3666259E-01  -2.8000000E-03  -3.9824697E-02   3.1869107E-02   5.7098665E-02   3.8901448E-02  
6  3   5.5000000E-01  -4.2583942E-01  -7.7464089E-04  -1.0852205E-02  -4.5572497E-02   2.2362867E-02   1.8938016E-02  
6  4   5.5000000E-01   3.0999619E-01  -2.8000000E-03   2.7804057E-02   1.4071509E-02  -2.3717117E-02   4.7926196E-02  
6  5   5.5000000E-01   5.5432916E-02   2.5736137E-03   4.6926479E-02  -1.2142048E-02  -3.2498294E-02  -3.0558414E-02  
6  6   5.5000000E-01   3.4649944E-01  -2.8000000E-03  -4.1645140E-02   6.5818375E-02  -8.0404879E-03   4.9642584E-02  
6  7   5.5000000E-01  -2.9089449E-02   5.6000000E-03   1.5850088E-02  -3.9738189E-02   3.3270621E-03  -1.0340962E-03  
6  8   5.5000000E-01   9.9493764E-01   5.6000000E-03   4.5526942E-02   6.6666667E-02  -1.1787890E-02   2.0931182E-03  
6  9   5.5000000E-01   8.7864255E-01   2.8000000E-03  -7.6038321E-02  -7.6618906E-02  -6.3403667E-03   2.3734798E-02  
6  10   5.5000000E-01  -4.0461383E-01   2.0449558E-03   3.8593957E-02  -6.7338688E-02   2.7865228E-02   2.0247367E-02  
7  1   5.5000000E-01   4.9933760E-01   2.6056364E-03  -7.3219796E-02   2.5391720E-02  -4.2393606E-02  -2.7956385E-02  
7  2   5.5000000E-01   3.3838006E-01  -5.6000000E-03  -4.5460599E-02   4.0652090E-02   2.9478437E-02   3.1618759E-02  
7  3   5.5000000E-01  -3.6936477E-01  -2.8000000E-03  -1.5131014E-02  -3.5957740E-02   3.5569220E-02   4.0857207E-02  
7  4   5.5000000E-01   2.2925414E-01  -5.6000000E-03   2.1840419E-02   1.1235109E-02  -3.7053013E-02   4.3299741E-02  
7  5   5.5000000E-01   3.8686757E-02   8.0331163E-04   3.4757414E-02  -8.5415427E-03  -2.0870377E-02  -2.4907250E-02  
7  6   5.5000000E-01  -6.3038578E-01  -2.8000000E-03  -4.9937308E-02   6.3935804E-02  -4.3439828E-02   2.7906508E-02  
7  7   5.5000000E-01  -3.9291482E-01  -5.6000000E-03   6.9534171E-02  -6.3749281E-02   5.0000000E-02  -5.1918754E-02  
7  8   5.5000000E-01  -2.8809598E-01  -5.6000000E-03   3.1892591E-02   5.4676307E-02  -1.1768930E-02   3.2460719E-02  
7  9   5.5000000E-01   6.7432102E-01   2.8000000E-03   1.3774815E-02   3.2781980E-02  -2.1156115E-02  -1.0732533E-03  
7  10   5.5000000E-01  -2.6815583E-01   1.2735159E-03   6.9855824E-02  -5.5263450E-02   3.8359587E-02   1.4891391E-02  
8  1   5.5000000E-01   3.2477862E-01   1.8242196E-03  -8.3813149E-02   8.9030321E-03   1.5354113E-02  -1.2259467E-02  
8  2   5.5000000E-01   4.2408097E-01   5.6000000E-03  -5.0815594E-04  -5.4458602E-02  -2.5727136E-02   3.5344751E-02  
8  3   5.5000000E-01  -1.5328549E-01  -7.5517389E-04  -2.7005833E-02  -6.2703052E-02   1.2919036E-02  -3.5071812E-02  
8  4   5.5000000E-01   7.9420336E-02   5.6000000E-03   1.8034882E-02   1.3581177E-02  -2.4005295E-02   2.2974122E-02  
8  5   5.5000000E-01  -2.9695494E-02  -2.8000000E-03   2.0024674E-02   6.6578847E-03   3.5743363E-03  -2.8824891E-02  
8  6   5.5000000E-01  -3.5680396E-01  -5.6000000E-03  -4.3419325E-02   2.2885478E-02  -3.1300482E-02  -2.3441956E-02  
8  7   5.5000000E-01  -5.3604261E-01   5.6000000E-03   4.0206959E-02  -1.3035235E-01   1.1780465E-02   1.7471880E-02  
8  8   5.5000000E-01  -3.1770327E-01   5.6000000E-03  -2.2873531E-02   7.0955297E-02  -8.3765101E-03   4.2750997E-02  
8  9   5.5000000E-01  -3.0674961E-01   2.8000000E-03   1.9779729E-01   6.6666667E-02   5.0000000E-02  -5.0000000E-02  
8  10   5.5000000E-01   3.0660132E-02  -2.8000000E-03   1.0862874E-01  -8.7863137E-03  -4.2678190E-02  -3.3951801E-02  
9  1   5.5000000E-01   1.8801556E-01   2.7662362E-03  -1.9296292E-02   2.9377149E-04   8.4754583E-04   4.8071283E-02  
9  2   5.5000000E-01   3.1399201E-01  -2.8000000E-03   1.1814460E-02  -9.4708701E-02  -2.7333320E-02   5.2754375E-02  
9  3   5.5000000E-01   2.4186815E-01  -1.8597589E-03  -7.0274542E-02  -5.8561261E-02   4.0865738E-03  -3.4469723E-02  
9  4   5.5000000E-01  -1.6209572E-02  -2.8000000E-03   1.2384085E-02  -3.3404954E-03   3.6156221E-02   2.2190834E-03  
9  5   5.5000000E-01  -3.5868668E-02  -1.6780281E-04   7.3494448E-03   1.0549026E-02   2.6810878E-02   1.0767095E-02  
9  6   5.5000000E-01  -2.8000986E-02   2.8000000E-03  -1.5991358E-02   1.7385675E-02   4.7286344E-03  -3.8869580E-02  
9  7   5.5000000E-01  -3.6084517E-01  -2.8000000E-03   6.7555218E-02   1.7661229E-02   3.1690526E-02   3.2008792E-02  
9  8   5.5000000E-01  -2.4457547E-01  -8.1000114E-04  -3.2461501E-02  -1.6793862E-02  -2.7879088E-02   5.3062458E-02  
9  9   5.5000000E-01  -5.7113285E-01   2.3996367E-03  -1.1278481E-02   1.7690928E-02   9.0909805E-02  -1.0000000E-01  
9  10   5.5000000E-01   4.2123084E-02  -5.6000000E-03  -3.8606510E-02   3.6154158E-02  -7.9686619E-02  -4.3816756E-02  
10  1   5.5000000E-01  -1.5221363E-01  -2.8000000E-03   6.9364137E-02   4.6606150E-02   1.1358983E-02  -3.8378341E-02  
10  2   5.5000000E-01   1.8655474E-01  -5.6000000E-03  -2.1992880E-02   3.8789993E-02  -2.7878350E-02   4.7192631E-02  
10  3   5.5000000E-01   2.0958588E-01   1.6691539E-03  -5.6522948E-02  -2.7272549E-02  -6.5057546E-03  -9.7075167E-03  
10  4   5.5000000E-01  -1.2852684E-01  -5.6000000E-03  -5.6169108E-02   6.7987500E-02  -2.5962604E-02   1.8978798E-02  
10  5   5.5000000E-01  -2.2081482E-02  -8.4879978E-04  -2.0603362E-03   1.0255084E-02   2.2574706E-02   1.4556710E-02  
10  6   5.5000000E-01   9.1194006E-04   1.3995736E-03   2.3068854E-02  -1.4834049E-02   1.9077492E-03  -3.0245492E-02  
10  7   5.5000000E-01  -8.4675625E-02  -5.6000000E-03   4.8835358E-02   1.5260586E-02  -3.0472359E-02   9.7220314E-03  
10  8   5.5000000E-01  -2.3035311E-01  -5.6000000E-03  -1.6235475E-02  -5.3380545E-02  -6.2036674E-03   4.9943109E-04  
10  9   5.5000000E-01  -5.0239747E-01   2.8000000E-03  -5.8263282E-03   1.5520655E-02  -3.2558777E-02   3.9779205E-02  
10  10   5.5000000E-01   1.0970975E-01   2.8000000E-03  -5.7179668E-02   2.0372535E-02   1.7933016E-02  -3.1580591E-02  
